# unix_time, cycles_done, cur_path, paths_total, pending_total, pending_favs, map_size, unique_crashes, unique_hangs, max_depth, execs_per_sec
1626510822, 0, 0, 1, 1, 1, 0.00%, 0, 0, 1, 0.00
1626510828, 145, 0, 1, 0, 0, 0.00%, 0, 0, 1, 7486.14
1626510833, 298, 0, 1, 0, 0, 0.00%, 0, 0, 1, 7688.37
1626510838, 348, 1, 3, 0, 0, 0.01%, 0, 0, 3, 7632.54
1626510843, 364, 1, 3, 0, 0, 0.01%, 0, 0, 3, 7450.57
1626510848, 381, 1, 3, 0, 0, 0.01%, 0, 0, 3, 7587.02
1626510853, 398, 2, 3, 0, 0, 0.01%, 0, 0, 3, 7683.06
1626510858, 416, 0, 3, 0, 0, 0.01%, 0, 0, 3, 7711.17
1626510863, 443, 0, 3, 0, 0, 0.01%, 0, 0, 3, 7700.91
1626510868, 493, 2, 3, 0, 0, 0.01%, 0, 0, 3, 7712.59
1626510873, 545, 0, 3, 0, 0, 0.01%, 0, 0, 3, 7587.06
1626510879, 592, 1, 3, 0, 0, 0.01%, 0, 0, 3, 7299.98
1626510884, 640, 2, 3, 0, 0, 0.01%, 0, 0, 3, 7355.06
1626510889, 688, 2, 3, 0, 0, 0.01%, 0, 0, 3, 7426.71
1626510894, 736, 1, 3, 0, 0, 0.01%, 0, 0, 3, 7329.32
1626510899, 786, 1, 3, 0, 0, 0.01%, 0, 0, 3, 7422.60
1626510904, 838, 2, 3, 0, 0, 0.01%, 0, 0, 3, 7643.77
1626510909, 887, 0, 3, 0, 0, 0.01%, 0, 0, 3, 7477.10
1626510914, 937, 0, 3, 0, 0, 0.01%, 0, 0, 3, 7642.51
1626510919, 986, 1, 3, 0, 0, 0.01%, 0, 0, 3, 7261.17
1626510924, 1035, 0, 3, 0, 0, 0.01%, 0, 0, 3, 7324.72
1626510930, 1082, 2, 4, 1, 0, 0.01%, 0, 0, 4, 7043.82
1626510935, 1085, 3, 4, 0, 0, 0.01%, 0, 0, 4, 7118.91
1626510940, 1089, 3, 4, 0, 0, 0.01%, 0, 0, 4, 7258.75
1626510945, 1094, 0, 4, 0, 0, 0.01%, 0, 0, 4, 7355.11
1626510950, 1098, 3, 4, 0, 0, 0.01%, 0, 0, 4, 7127.65
1626510955, 1103, 3, 4, 0, 0, 0.01%, 0, 0, 4, 7164.44
1626510960, 1108, 1, 4, 0, 0, 0.01%, 0, 0, 4, 7302.02
1626510965, 1113, 1, 4, 0, 0, 0.01%, 0, 0, 4, 7292.53
1626510971, 1117, 3, 4, 0, 0, 0.01%, 0, 0, 4, 7572.17
1626510976, 1122, 3, 4, 0, 0, 0.01%, 0, 0, 4, 7629.50
1626510981, 1127, 3, 4, 0, 0, 0.01%, 0, 0, 4, 7581.36
1626510986, 1132, 3, 4, 0, 0, 0.01%, 0, 0, 4, 7567.96
1626510991, 1136, 3, 4, 0, 0, 0.01%, 0, 0, 4, 7359.40
1626510996, 1141, 3, 4, 0, 0, 0.01%, 0, 0, 4, 7352.61
1626511001, 1145, 3, 4, 0, 0, 0.01%, 0, 0, 4, 7561.71
1626511006, 1150, 3, 4, 0, 0, 0.01%, 0, 0, 4, 7403.08
1626511011, 1154, 3, 4, 0, 0, 0.01%, 0, 0, 4, 7457.09
1626511016, 1159, 3, 4, 0, 0, 0.01%, 0, 0, 4, 7061.12
1626511022, 1163, 3, 4, 0, 0, 0.01%, 0, 0, 4, 7156.17
1626511027, 1167, 3, 4, 0, 0, 0.01%, 0, 0, 4, 6909.33
1626511032, 1172, 3, 4, 0, 0, 0.01%, 0, 0, 4, 7030.38
1626511037, 1177, 3, 4, 0, 0, 0.01%, 0, 0, 4, 7408.76
1626511042, 1181, 3, 4, 0, 0, 0.01%, 0, 0, 4, 7015.27
1626511047, 1186, 3, 4, 0, 0, 0.01%, 0, 0, 4, 7218.52
1626511052, 1190, 3, 4, 0, 0, 0.01%, 0, 0, 4, 7236.16
1626511057, 1195, 3, 4, 0, 0, 0.01%, 0, 0, 4, 7370.29
1626511062, 1200, 3, 4, 0, 0, 0.01%, 0, 0, 4, 7408.28
1626511068, 1205, 3, 4, 0, 0, 0.01%, 0, 0, 4, 7433.72
1626511073, 1210, 3, 4, 0, 0, 0.01%, 0, 0, 4, 7325.90
1626511078, 1215, 3, 4, 0, 0, 0.01%, 0, 0, 4, 7371.43
1626511083, 1220, 3, 4, 0, 0, 0.01%, 0, 0, 4, 7384.88
1626511088, 1224, 3, 4, 0, 0, 0.01%, 0, 0, 4, 7046.53
1626511093, 1229, 3, 4, 0, 0, 0.01%, 0, 0, 4, 7073.86
1626511098, 1233, 3, 4, 0, 0, 0.01%, 0, 0, 4, 7004.90
1626511103, 1238, 3, 4, 0, 0, 0.01%, 0, 0, 4, 7208.82
1626511108, 1243, 1, 4, 0, 0, 0.01%, 0, 0, 4, 7499.71
1626511114, 1248, 1, 4, 0, 0, 0.01%, 0, 0, 4, 7429.62
1626511119, 1252, 3, 4, 0, 0, 0.01%, 0, 0, 4, 7258.20
1626511124, 1257, 3, 4, 0, 0, 0.01%, 0, 0, 4, 7089.03
1626511129, 1262, 1, 4, 0, 0, 0.01%, 0, 0, 4, 7141.63
1626511134, 1266, 3, 4, 0, 0, 0.01%, 0, 0, 4, 7152.16
1626511139, 1271, 2, 4, 0, 0, 0.01%, 0, 0, 4, 7342.41
1626511144, 1275, 3, 4, 0, 0, 0.01%, 0, 0, 4, 7277.83
1626511149, 1279, 3, 4, 0, 0, 0.01%, 0, 0, 4, 7290.86
1626511154, 1284, 3, 4, 0, 0, 0.01%, 0, 0, 4, 7269.86
1626511160, 1289, 3, 4, 0, 0, 0.01%, 0, 0, 4, 7447.76
1626511165, 1294, 3, 4, 0, 0, 0.01%, 0, 0, 4, 7510.84
1626511170, 1299, 3, 4, 0, 0, 0.01%, 0, 0, 4, 7481.51
1626511175, 1304, 1, 4, 0, 0, 0.01%, 0, 0, 4, 7521.93
1626511180, 1308, 3, 4, 0, 0, 0.01%, 0, 0, 4, 7474.07
1626511185, 1313, 3, 4, 0, 0, 0.01%, 0, 0, 4, 7374.56
1626511191, 1318, 2, 4, 0, 0, 0.01%, 0, 0, 4, 7483.89
1626511196, 1322, 3, 4, 0, 0, 0.01%, 0, 0, 4, 7506.65
1626511201, 1327, 3, 4, 0, 0, 0.01%, 0, 0, 4, 7545.36
1626511206, 1332, 3, 4, 0, 0, 0.01%, 0, 0, 4, 7594.80
1626511211, 1337, 3, 4, 0, 0, 0.01%, 0, 0, 4, 7578.05
1626511216, 1342, 3, 4, 0, 0, 0.01%, 0, 0, 4, 7287.62
1626511221, 1346, 3, 4, 0, 0, 0.01%, 0, 0, 4, 7473.39
1626511226, 1351, 3, 4, 0, 0, 0.01%, 0, 0, 4, 7203.92
1626511231, 1361, 2, 4, 0, 0, 0.01%, 0, 0, 4, 7114.15
1626511237, 1375, 1, 4, 0, 0, 0.01%, 0, 0, 4, 7228.44
1626511242, 1388, 3, 4, 0, 0, 0.01%, 0, 0, 4, 7149.47
1626511247, 1402, 1, 4, 0, 0, 0.01%, 0, 0, 4, 7451.76
1626511252, 1416, 2, 4, 0, 0, 0.01%, 0, 0, 4, 7631.23
1626511257, 1430, 2, 4, 0, 0, 0.01%, 0, 0, 4, 7634.18
1626511263, 1443, 3, 4, 0, 0, 0.01%, 0, 0, 4, 7396.68
1626511268, 1457, 0, 4, 0, 0, 0.01%, 0, 0, 4, 7378.41
1626511273, 1469, 3, 4, 0, 0, 0.01%, 0, 0, 4, 7022.35
1626511278, 1479, 4, 5, 1, 1, 0.02%, 0, 0, 5, 7312.66
